@relation  vehicle
@attribute COMPACTNESS {0,1,2,3,4,5,6,7,8,9,10,11,12,13,14,15,16,17,18,19,20,21,22,23,24,25,26,27,28,29,30,31,32,33,34,35,36,37,38,39,40,41,42,43,44,45,46,47,48,49,50,51,52,53,54,55,56,57,58,59,60,61,62,63,64,65,66,67,68,69}
@attribute CIRCULARITY {0,1,2,3,4,5,6,7,8,9,10,11,12,13,14,15,16,17,18,19,20,21,22,23,24,25,26,27,28,29,30,31,32,33,34,35,36,37,38,39,40,41,42,43,44,45,46,47,48,49}
@attribute DISTANCECIRCULARITY {0,1,2,3,4,5,6,7,8,9,10,11,12,13,14,15,16,17,18,19,20,21,22,23,24,25,26,27,28,29,30,31,32,33,34,35,36,37,38,39,40,41,42,43,44,45,46,47,48,49,50,51,52,53,54,55,56,57,58,59,60,61,62,63,64,65,66,67,68,69,70,71,72,73,74,75,76,77,78,79,80,81,82,83,84,85,86,87,88,89,90,91,92,93,94,95,96,97,98,99}
@attribute RADIUSRATIO {0,1,2,3,4,5,6,7,8,9,10,11,12,13,14,15,16,17,18,19,20,21,22,23,24,25,26,27,28,29,30,31,32,33,34,35,36,37,38,39,40,41,42,43,44,45,46,47,48,49,50,51,52,53,54,55,56,57,58,59,60,61,62,63,64,65,66,67,68,69,70,71,72,73,74,75,76,77,78,79,80,81,82,83,84,85,86,87,88,89,90,91,92,93,94,95,96,97,98,99,100,101,102,103,104,105,106,107,108,109,110,111,112,113,114,115,116,117,118,119,120,121,122,123,124,125,126,127,128,129,130,131,132,133,134,135,136,137,138,139,140,141,142,143,144,145,146,147,148,149,150,151,152,153,154,155,156,157,158,159,160,161,162,163,164,165,166,167,168,169,170,171,172,173,174,175,176,177,178,179,180,181,182,183,184,185,186,187,188,189,190,191,192,193,194,195,196,197,198,199}
@attribute PR.AXISASPECTRATIO {0,1,2,3,4,5,6,7,8,9,10,11,12,13,14,15,16,17,18,19,20,21,22,23,24,25,26,27,28,29,30,31,32,33,34,35,36,37,38,39,40,41,42,43,44,45,46,47,48,49,50,51}
@attribute MAX.LENGTHASPECTRATIO {0,1,2,3,4,5,6,7,8,9,10,11,12,13,14,15,16,17,18,19,20,21}
@attribute SCATTERRATIO {0,1,2,3,4,5,6,7,8,9,10,11,12,13,14,15,16,17,18,19,20,21,22,23,24,25,26,27,28,29,30,31,32,33,34,35,36,37,38,39,40,41,42,43,44,45,46,47,48,49,50,51,52,53,54,55,56,57,58,59,60,61,62,63,64,65,66,67,68,69,70,71,72,73,74,75,76,77,78,79,80,81,82,83,84,85,86,87,88,89,90,91,92,93,94,95,96,97,98,99,100,101,102,103,104,105,106,107,108,109,110,111,112,113,114,115,116,117,118,119,120,121,122,123,124,125,126,127,128,129,130,131,132,133,134,135,136,137,138,139,140,141,142,143,144,145,146,147,148,149,150,151,152,153,154,155,156,157,158,159,160,161,162,163}
@attribute ELONGATEDNESS {0,1,2,3,4,5,6,7,8,9,10,11,12,13,14,15,16,17,18,19,20,21,22,23,24,25,26,27,28,29,30,31,32,33,34,35,36,37,38,39,40,41,42,43,44,45,46,47,48,49,50,51,52,53,54,55}
@attribute PR.AXISRECTANGULARITY {0,1,2,3,4,5,6,7,8,9,10,11,12,13,14,15,16,17}
@attribute MAX.LENGTHRECTANGULARITY {0,1,2,3,4,5,6,7,8,9,10,11,12,13,14,15,16,17,18,19,20,21,22,23,24,25,26,27,28,29,30,31,32,33,34,35,36,37,38,39,40,41,42,43,44,45,46,47,48,49,50,51,52,53,54,55,56,57,58,59,60,61,62,63,64,65,66,67,68,69,70,71,72,73,74,75,76,77,78,79,80,81,82,83,84,85,86,87,88,89,90,91,92,93,94,95,96,97,98,99,100,101,102,103,104,105,106,107,108,109}
@attribute SCALEDVARIANCE_MAJOR {0,1,2,3,4,5,6,7,8,9,10,11,12,13,14,15,16,17,18,19,20,21,22,23,24,25,26,27,28,29,30,31,32,33,34,35,36,37,38,39,40,41,42,43,44,45,46,47,48,49,50,51,52,53,54,55,56,57,58,59,60,61,62,63,64,65,66,67,68,69,70,71,72,73,74,75,76,77,78,79,80,81,82,83,84,85,86,87,88,89,90,91,92,93,94,95,96,97,98,99,100,101,102,103,104,105,106,107,108,109,110,111,112,113,114,115,116,117,118,119,120,121,122,123,124,125,126,127,128,129,130,131,132,133,134,135,136,137,138,139,140,141,142,143,144,145,146,147,148,149,150,151,152,153,154,155,156,157,158}
@attribute SCALEDVARIANCE_MINOR {0,1,2,3,4,5,6,7,8,9,10,11,12,13,14,15,16,17,18,19,20,21,22,23,24,25,26,27,28,29,30,31,32,33,34,35,36,37,38,39,40,41,42,43,44,45,46,47,48,49,50,51,52,53,54,55,56,57,58,59,60,61,62,63,64,65,66,67,68,69,70,71,72,73,74,75,76,77,78,79,80,81,82,83,84,85,86,87,88,89,90,91,92,93,94,95,96,97,98,99,100,101,102,103,104,105,106,107,108,109,110,111,112,113,114,115,116,117,118,119,120,121,122,123,124,125,126,127,128,129,130,131,132,133,134,135,136,137,138,139,140,141,142,143,144,145,146,147,148,149,150,151,152,153,154,155,156,157,158,159,160,161,162,163,164,165,166,167,168,169,170,171,172,173,174,175,176,177,178,179,180,181,182,183,184,185,186,187,188,189,190,191,192,193,194,195,196,197,198,199,200,201,202,203,204,205,206,207,208,209,210,211,212,213,214,215,216,217,218,219,220,221,222,223,224,225,226,227,228,229,230,231,232,233,234,235,236,237,238,239,240,241,242,243,244,245,246,247,248,249,250,251,252,253,254,255,256,257,258,259,260,261,262,263,264,265,266,267,268,269,270,271,272,273,274,275,276,277,278,279,280,281}
@attribute SCALEDRADIUSOFGYRATION {0,1,2,3,4,5,6,7,8,9,10,11,12,13,14,15,16,17,18,19,20,21,22,23,24,25,26,27,28,29,30,31,32,33,34,35,36,37,38,39,40,41,42,43,44,45,46,47,48,49,50,51,52,53,54,55,56,57,58,59,60,61,62,63,64,65,66,67,68,69,70,71,72,73,74,75,76,77,78,79,80,81,82,83,84,85,86,87,88,89,90,91,92,93,94,95,96,97,98,99,100,101,102,103,104,105,106,107,108,109,110,111,112,113,114,115,116,117,118,119,120,121,122,123,124,125,126,127,128,129,130,131,132,133,134,135,136,137,138,139,140,141,142,143,144,145,146,147,148,149,150,151,152,153,154,155,156,157,158,159,160,161,162,163,164,165,166,167,168,169,170,171,172,173,174,175,176,177,178,179,180,181,182,183,184,185,186,187,188,189,190,191,192,193,194,195,196,197,198,199}
@attribute SKEWNESSABOUT_MAJOR {0,1,2,3,4,5,6,7,8,9,10,11,12,13,14,15,16,17,18,19,20,21,22,23,24,25,26,27,28,29,30,31,32,33,34,35,36,37,38,39,40,41,42,43,44,45,46,47,48,49,50,51,52,53}
@attribute SKEWNESSABOUT_MINOR {0,1,2,3,4,5,6,7,8,9,10,11,12,13,14,15,16,17,18,19,20,21,22,23,24,25,26,27,28,29,30,31,32,33,34,35,36,37,38,39,40,41,42}
@attribute KURTOSISABOUT_MAJOR {0,1,2,3,4,5,6,7,8,9,10,11,12,13,14,15,16,17,18,19,20,21,22,23,24,25,26,27,28,29,30,31,32,33,34,35,36,37,38,39,40,41,42,43,44,45,46,47,48,49,50,51,52,53,54,55,56,57,58,59,60,61,62,63,64,65,66,67,68,69,70,71,72,73}
@attribute KURTOSISABOUT_MINOR {0,1,2,3,4,5,6,7,8,9,10,11,12,13,14,15,16,17,18,19,20,21,22,23,24,25,26,27,28,29,30,31,32,33,34,35,36,37,38,39,40,41,42,43,44,45,46,47,48,49,50,51,52,53,54}
@attribute HOLLOWSRATIO {0,1,2,3,4,5,6,7,8,9,10,11,12,13,14,15,16,17,18,19,20,21,22,23,24,25,26,27,28,29,30,31,32,33,34,35,36,37,38,39,40,41,42,43,44,45,46,47,48,49,50,51,52,53,54,55,56,57,58}
@attribute Class{opel,saab,bus,van}
@inputs COMPACTNESS,CIRCULARITY,DISTANCECIRCULARITY,RADIUSRATIO,PR.AXISASPECTRATIO,MAX.LENGTHASPECTRATIO,SCATTERRATIO,ELONGATEDNESS,PR.AXISRECTANGULARITY,MAX.LENGTHRECTANGULARITY,SCALEDVARIANCE_MAJOR,SCALEDVARIANCE_MINOR,SCALEDRADIUSOFGYRATION,SKEWNESSABOUT_MAJOR,SKEWNESSABOUT_MINOR,KURTOSISABOUT_MAJOR,KURTOSISABOUT_MINOR,HOLLOWSRATIO
@outputs Class
@data
34,29,55,115,47,15,74,25,7,76,63,131,119,19,13,33,21,31,van
26,15,57,49,17,13,48,31,5,44,51,82,74,23,19,29,25,35,van
52,33,92,170,35,15,133,5,13,74,132,226,176,25,29,19,23,29,saab
30,15,53,79,29,13,38,33,5,44,32,60,16,5,13,21,45,51,van
14,21,29,162,51,21,48,31,5,46,154,77,127,53,19,23,7,3,bus
58,47,92,104,3,7,163,0,17,96,157,280,199,48,11,19,9,3,bus
38,19,35,105,33,7,56,25,5,44,63,119,99,11,27,3,47,45,bus
24,19,23,76,33,13,27,37,3,50,35,42,85,13,7,7,33,41,van
16,1,17,47,25,9,6,48,1,12,8,10,0,7,5,29,47,53,van
30,21,79,150,27,17,104,13,11,50,102,181,62,7,9,29,37,45,saab
16,5,29,51,25,13,21,41,3,18,24,35,16,11,5,21,35,41,van
24,1,23,39,13,7,7,48,1,0,17,11,5,9,11,53,39,41,saab
20,25,37,102,39,7,54,27,5,54,70,107,134,21,11,23,25,27,bus
22,17,59,53,19,15,54,29,5,46,57,103,80,23,17,27,21,31,van
32,31,47,159,45,5,91,15,9,66,94,167,158,21,13,5,41,35,bus
36,43,86,156,33,13,130,5,13,90,140,221,197,27,13,5,19,25,opel
22,5,4,1,7,7,3,52,1,16,6,5,13,39,5,29,9,7,van
42,15,43,150,41,7,97,13,9,36,102,177,60,23,9,21,43,35,bus
52,41,81,128,25,15,148,3,15,104,136,254,176,27,11,23,17,27,saab
46,45,81,178,41,15,135,5,15,96,140,234,180,27,13,11,19,23,opel
12,27,39,69,31,7,58,27,5,48,61,113,119,29,1,7,17,21,bus
12,7,7,14,21,5,7,50,1,8,8,10,27,43,15,3,5,3,van
32,19,21,105,41,9,50,27,5,42,49,102,108,15,19,3,45,49,bus
18,11,29,59,25,9,36,33,3,30,39,58,42,17,3,5,31,35,bus
42,39,90,183,35,17,130,5,13,88,128,221,182,15,1,13,29,39,saab
14,23,49,71,31,13,44,31,5,54,49,76,103,21,3,9,23,35,van
10,5,7,11,17,7,13,46,3,8,10,17,38,43,13,7,5,3,saab
58,41,79,159,33,17,152,3,17,92,144,257,171,23,3,57,21,35,saab
48,23,59,142,31,7,114,7,11,50,122,203,83,31,13,15,37,23,bus
5,9,19,26,13,9,42,33,5,18,47,66,74,45,19,41,7,7,saab
22,19,59,81,31,17,60,27,5,60,57,115,103,23,11,19,17,29,van
20,17,43,65,19,11,32,35,3,42,41,50,74,7,21,23,43,47,saab
30,3,23,71,21,7,35,33,3,14,35,56,7,7,11,27,41,41,opel
46,29,94,188,39,15,135,5,15,66,148,228,154,19,11,71,27,41,opel
18,9,59,113,25,11,78,21,7,16,79,141,22,5,3,51,43,47,opel
44,25,68,104,37,13,64,27,7,58,51,120,119,13,35,15,31,37,van
8,21,33,10,7,9,54,29,5,52,59,98,108,43,5,5,7,7,bus
24,29,61,199,51,21,56,29,5,70,156,104,148,52,1,31,17,25,van
56,39,79,111,11,15,148,3,15,100,149,254,175,27,3,19,21,31,saab
6,23,25,98,48,7,52,29,5,50,57,93,123,29,15,1,13,15,bus
34,29,88,177,37,13,130,5,13,60,140,223,152,27,11,19,19,23,opel
20,7,4,1,7,5,3,52,1,14,3,5,13,50,17,33,5,3,van
32,31,62,41,11,17,66,27,7,82,66,122,123,29,11,11,13,25,van
30,7,41,124,29,11,78,21,7,26,88,142,38,13,9,15,31,31,saab
69,41,92,184,33,19,143,3,15,92,132,244,187,11,40,3,31,41,saab
30,25,53,54,19,17,68,27,7,78,70,126,129,33,5,9,13,25,van
26,19,29,34,13,11,16,43,3,50,31,25,70,19,3,17,27,25,van
14,17,23,15,11,7,46,33,5,40,55,69,103,52,13,29,7,1,bus
22,27,51,57,31,17,62,29,7,84,51,111,127,31,13,27,15,23,van
26,23,47,111,21,13,76,21,7,54,76,142,112,3,1,21,45,53,saab
1,9,19,6,5,7,35,35,5,18,35,55,51,33,5,9,9,7,saab
28,9,31,107,35,9,58,27,5,24,72,114,22,19,9,49,25,27,saab
40,43,83,195,43,13,137,3,15,94,150,236,197,23,3,13,23,31,opel
46,17,17,109,37,7,48,27,5,36,49,99,87,9,15,23,51,55,bus
46,45,88,126,9,7,163,0,17,94,156,280,185,45,11,53,7,5,bus
32,5,23,65,25,11,21,41,3,28,26,33,6,3,19,7,49,53,van
38,21,77,146,29,13,106,13,11,46,102,181,87,11,9,17,29,35,saab
22,27,57,34,13,17,64,29,7,78,49,113,106,27,11,19,11,21,van
58,39,86,186,35,17,136,5,15,84,130,234,164,11,1,3,29,39,opel
14,11,25,11,7,5,13,46,3,28,17,18,44,29,17,17,11,11,van
50,33,79,174,29,13,116,9,11,80,117,203,121,7,11,11,43,45,opel
0,9,19,37,21,5,16,45,3,18,12,22,38,37,27,43,13,11,opel
36,13,29,12,3,11,27,41,3,40,35,36,38,39,21,27,13,3,van
10,17,23,75,37,9,50,31,5,46,59,88,76,35,9,5,11,13,bus
30,23,61,156,41,9,104,11,11,48,103,187,117,23,1,9,35,31,bus
22,15,39,51,15,9,42,33,5,32,51,69,70,31,37,11,15,13,opel
6,19,25,20,17,11,48,33,5,50,49,76,99,45,13,37,5,5,bus
40,43,83,183,41,17,161,1,17,109,146,279,171,27,13,29,21,27,opel
16,21,45,88,39,13,35,33,3,52,47,57,97,19,3,23,27,39,van
40,31,57,183,49,9,112,9,11,66,109,200,160,27,9,15,37,27,bus
36,43,79,83,11,15,147,3,15,107,138,251,178,31,7,13,17,23,opel
38,49,96,193,43,17,161,1,17,109,136,278,175,19,21,51,19,33,opel
28,11,69,138,27,11,95,15,9,32,94,168,60,13,7,47,31,37,opel
0,7,7,4,11,7,10,50,3,14,3,12,53,43,3,31,1,5,opel
22,17,66,57,25,17,52,29,5,48,51,95,83,23,23,47,21,35,van
46,39,86,159,29,13,117,9,11,82,113,204,162,15,11,11,29,33,opel
26,11,55,100,23,11,89,17,9,26,96,161,62,23,1,21,23,25,saab
16,13,17,47,27,9,50,31,5,24,41,82,101,43,5,7,7,7,saab
52,37,74,168,35,5,135,3,15,80,140,240,175,31,23,9,33,19,bus
22,21,25,4,3,9,50,31,5,52,53,81,129,52,13,11,5,1,bus
18,25,31,79,35,7,52,29,5,50,61,101,129,25,5,1,19,17,bus
42,35,71,159,33,5,136,3,15,76,148,242,168,35,11,23,29,15,bus
32,5,25,23,11,9,11,45,3,22,28,18,2,11,3,5,37,29,van
3,13,49,34,13,9,44,35,5,28,55,62,47,31,17,60,9,23,opel
22,13,41,132,50,9,50,29,5,30,59,100,55,23,7,17,33,31,bus
64,49,92,119,5,7,163,0,17,100,157,281,199,45,19,27,9,1,bus
22,15,57,49,19,13,48,31,5,48,55,82,82,23,9,37,23,37,van
16,7,16,6,11,5,3,51,1,22,8,6,20,23,5,17,19,17,van
26,17,57,170,49,7,88,17,7,34,84,161,80,17,7,25,39,39,bus
5,7,10,8,13,7,9,48,3,8,9,13,25,41,17,11,3,5,opel
52,43,94,188,39,17,152,3,15,104,148,261,184,21,7,21,23,35,saab
32,9,57,78,13,13,86,19,7,18,94,155,68,17,19,31,27,27,opel
52,37,81,138,21,13,120,7,13,74,123,209,188,19,21,21,29,33,saab
32,29,62,85,31,15,64,27,7,80,68,120,123,29,9,31,15,27,van
12,23,23,71,33,7,40,33,5,46,47,64,108,25,5,7,15,13,bus
38,33,96,173,33,15,145,3,15,70,148,251,175,23,15,59,23,31,opel
22,17,49,65,27,7,38,33,5,36,43,59,95,27,35,27,17,15,saab
16,19,25,67,27,9,50,29,5,42,68,94,85,29,9,19,23,21,bus
34,25,90,183,39,13,125,7,13,54,132,214,150,17,11,71,29,41,opel
18,21,22,18,15,7,48,33,5,46,51,73,97,52,9,25,5,1,bus
8,23,23,199,51,21,46,31,5,46,151,78,121,52,3,3,9,7,bus
34,17,59,107,35,13,56,29,5,46,47,105,58,9,23,11,39,45,van
32,17,25,63,31,9,13,45,3,44,26,21,76,17,29,11,31,29,van
28,9,16,28,27,5,1,53,1,22,3,3,34,23,29,11,27,25,van
48,23,55,151,33,5,116,7,11,50,136,208,90,37,1,55,33,19,bus
60,39,86,157,31,15,156,1,17,94,134,269,168,25,23,21,23,35,saab
42,25,90,170,31,17,120,9,13,62,115,207,76,9,1,65,35,47,opel
14,11,43,65,21,11,50,31,5,26,63,84,27,25,1,33,15,23,opel
5,21,25,37,21,11,50,31,5,48,51,81,101,39,15,25,7,7,bus
42,29,47,153,39,7,106,11,11,64,102,187,97,27,11,17,37,27,bus
22,13,43,79,33,13,38,33,5,40,47,66,45,19,1,11,27,37,van
32,29,55,85,31,15,62,27,5,64,65,116,125,27,9,29,17,29,van
0,9,39,53,21,7,44,33,5,22,45,67,32,39,33,41,9,11,opel
20,3,3,14,19,5,1,55,1,3,1,1,36,27,42,9,11,11,opel
30,19,59,34,11,15,60,29,5,64,59,110,87,29,25,27,15,29,van
34,27,64,85,31,17,68,27,7,72,63,126,121,21,25,27,25,33,van
44,23,81,170,33,11,125,5,13,52,146,217,129,23,11,11,25,27,opel
62,39,98,186,41,19,158,3,17,96,138,270,164,23,27,57,23,39,saab
14,19,21,24,15,11,50,33,5,46,47,76,101,43,19,29,7,5,bus
30,31,47,119,33,9,90,15,9,74,84,166,136,19,11,21,41,41,bus
22,7,7,11,9,5,23,41,3,12,21,35,51,37,33,29,15,7,saab
24,29,45,50,21,17,70,27,7,78,57,125,121,31,21,23,13,21,van
28,13,53,86,29,13,42,31,5,38,41,71,34,7,19,1,45,49,van
24,5,10,28,17,7,5,51,1,12,6,7,25,15,42,47,27,27,saab
14,23,31,63,29,11,36,33,5,52,53,58,112,23,5,7,21,29,van
24,25,49,51,27,17,68,27,7,70,49,122,123,27,35,15,17,23,van
22,17,29,59,27,9,44,31,5,44,63,76,64,31,5,13,19,15,bus
14,15,23,73,33,21,48,31,5,36,57,82,68,29,13,33,15,19,bus
38,23,64,105,37,15,64,27,7,72,57,121,72,13,17,25,31,37,van
44,29,75,170,39,9,123,5,13,58,120,215,148,25,15,23,31,25,bus
44,25,88,126,23,13,120,9,13,52,130,208,144,25,27,27,25,31,saab
16,5,43,90,23,9,50,31,5,14,59,84,23,11,1,63,39,43,saab
38,17,83,128,21,13,108,13,11,34,109,181,92,13,15,73,35,49,saab
40,11,25,14,2,9,23,43,3,42,39,29,28,29,9,3,19,9,van
48,41,81,86,9,15,143,3,15,104,124,242,150,31,25,55,21,27,opel
22,27,55,199,51,21,66,27,7,84,144,120,106,52,1,29,15,25,van
16,29,39,39,19,15,72,27,7,84,51,126,121,29,7,3,13,21,van
18,17,21,63,31,15,21,41,3,42,28,32,76,13,15,3,33,39,van
20,7,19,28,19,5,9,48,3,18,8,14,49,27,29,41,15,13,saab
26,17,49,85,35,11,46,29,5,48,53,84,53,19,7,11,25,35,van
24,7,49,102,19,13,64,25,7,22,55,128,2,0,7,37,49,55,saab
6,17,19,20,13,11,48,33,5,48,43,72,99,50,15,15,5,1,bus
56,31,94,144,17,17,145,3,15,80,134,242,99,13,1,72,31,49,opel
5,19,25,12,11,11,50,31,5,48,53,81,106,48,9,17,5,3,bus
34,23,49,128,27,9,78,21,7,48,82,143,110,9,23,37,45,45,opel
50,41,94,181,31,19,160,1,17,106,128,276,146,13,1,37,25,37,opel
44,25,59,88,31,17,76,25,7,84,63,134,95,21,37,1,25,29,van
26,13,41,102,37,9,48,29,5,28,49,86,47,15,9,35,31,37,bus
24,19,33,104,21,11,58,25,5,46,59,118,74,1,31,19,53,55,saab
30,5,21,90,41,11,26,39,3,30,33,41,16,13,5,59,33,45,van
52,33,77,173,33,15,109,11,11,70,107,190,138,9,7,15,37,49,saab
32,21,57,180,49,7,104,11,11,48,109,188,66,25,9,45,39,31,bus
30,3,33,104,27,9,48,29,5,6,49,90,13,3,11,60,53,57,opel
56,31,92,173,31,13,135,5,15,74,134,231,119,15,3,49,27,41,saab
22,13,47,71,31,13,38,33,5,36,47,62,57,21,17,15,23,31,van
64,45,86,190,31,5,163,0,17,96,157,280,192,48,9,13,15,3,bus
14,5,45,61,13,9,44,31,5,14,47,73,28,7,21,49,41,43,opel
30,17,29,30,15,9,11,46,3,48,28,18,62,27,11,9,25,17,van
18,11,37,67,19,7,52,29,5,30,59,94,40,19,3,65,21,29,saab
26,23,39,71,17,7,50,29,5,50,51,92,113,11,33,5,33,33,opel
8,9,7,20,21,5,21,43,3,14,23,27,51,52,1,1,2,3,opel
58,37,83,181,31,17,126,7,13,86,124,217,134,9,35,5,41,49,opel
40,11,51,138,31,13,80,21,7,34,76,146,23,3,17,39,41,47,saab
14,13,33,45,21,5,19,41,3,28,31,28,58,15,7,19,29,27,saab
40,41,88,128,21,15,143,5,15,102,132,239,173,25,3,53,19,27,opel
50,41,69,117,17,17,156,3,17,98,126,265,144,23,3,63,19,33,opel
28,5,45,90,17,11,56,27,5,14,49,107,11,0,9,39,53,58,saab
64,35,88,138,17,19,143,3,15,82,138,244,130,15,37,5,29,35,saab
8,23,25,45,31,7,44,33,5,44,49,72,119,39,1,3,9,5,bus
40,9,29,20,7,11,16,46,3,36,28,19,25,27,1,27,19,7,van
60,35,86,150,23,17,139,3,15,78,130,236,125,13,15,7,27,37,opel
56,41,86,83,0,3,163,0,17,90,155,280,195,48,9,23,9,3,bus
32,23,51,92,37,13,40,33,5,52,39,64,112,11,23,29,35,41,van
36,31,79,130,21,7,143,3,15,62,142,248,162,33,17,57,23,15,bus
30,29,57,63,29,17,62,29,7,88,53,113,127,25,17,31,17,27,van
20,13,45,128,48,7,66,23,7,26,77,131,55,25,3,23,33,31,bus
12,11,68,119,23,9,97,15,9,20,111,170,49,21,9,71,27,33,opel
22,21,33,81,35,9,38,33,5,52,43,64,94,17,23,3,29,33,bus
30,7,35,107,39,9,52,27,5,20,61,105,30,15,3,45,39,47,bus
22,21,29,41,19,7,26,39,3,50,47,38,89,35,21,7,19,11,van
48,41,92,186,39,17,133,5,15,86,142,227,192,21,1,53,25,37,saab
1,5,16,8,15,7,7,50,1,6,8,10,8,35,7,33,3,7,opel
26,17,23,98,35,9,40,29,5,38,49,77,76,13,9,1,49,51,bus
12,3,7,15,17,3,3,55,1,4,3,4,18,31,21,55,13,17,saab
50,25,92,170,35,15,128,7,13,56,122,218,162,19,19,21,29,35,saab
44,15,39,162,45,5,95,13,9,34,103,175,60,23,15,39,41,31,bus
26,17,51,142,41,5,86,17,7,32,76,156,70,15,7,47,43,45,bus
40,23,41,92,23,9,64,25,7,54,76,126,123,17,27,21,27,29,opel
46,35,90,174,39,15,136,5,15,82,130,234,182,25,11,47,19,27,opel
24,5,45,117,31,11,64,25,5,10,73,124,44,11,3,41,31,33,opel
38,29,74,151,29,13,102,13,9,68,100,180,129,7,40,23,45,43,opel
18,13,51,85,39,15,42,33,5,36,45,69,72,19,1,27,25,35,van
30,19,41,61,17,9,48,29,5,44,55,92,106,17,29,1,25,25,saab
58,43,79,153,21,9,163,0,17,94,155,280,197,39,7,3,19,5,bus
28,7,61,94,23,9,66,25,7,20,72,128,47,15,19,43,27,29,saab
16,19,23,28,15,9,54,29,5,42,65,98,101,41,13,29,9,7,bus
58,45,88,197,45,17,154,3,17,102,138,263,173,21,38,23,25,29,saab
8,21,33,63,31,9,58,29,5,46,72,108,108,39,1,33,13,11,bus
6,25,31,28,15,9,56,29,5,56,55,100,132,41,7,29,7,9,bus
8,21,33,39,25,9,44,33,5,44,57,69,117,41,13,35,9,7,bus
30,27,59,86,35,17,62,29,7,74,55,114,110,27,15,31,13,27,van
24,5,37,102,23,11,64,25,5,14,65,124,10,1,13,43,41,45,saab
66,41,86,102,3,17,158,1,17,102,140,276,150,17,31,13,27,33,opel
50,43,81,144,27,17,141,3,15,107,122,240,176,25,21,29,21,25,opel
22,13,12,41,19,9,6,48,1,38,13,11,58,5,15,9,45,49,van
18,27,51,61,27,13,44,31,5,62,53,77,114,23,1,13,23,33,van
28,25,47,111,31,11,74,23,7,56,74,140,110,13,5,21,29,33,opel
14,17,21,14,13,9,48,33,5,50,45,76,99,48,3,13,5,1,bus
16,25,29,61,33,11,48,31,5,50,51,84,121,33,13,13,13,13,bus
46,45,81,96,13,17,145,3,15,107,124,249,182,27,5,7,17,21,opel
32,11,66,144,27,13,89,17,9,28,88,160,8,5,9,47,49,55,opel
16,7,27,63,29,11,29,37,3,26,37,44,11,21,3,13,25,27,van
24,15,31,98,39,9,50,29,5,34,61,93,72,21,7,37,31,31,bus
52,31,66,96,11,3,141,3,15,64,153,251,144,35,3,47,27,15,bus
22,5,33,49,15,9,29,37,3,10,37,45,22,23,3,3,21,21,opel
24,11,61,98,27,9,74,23,7,20,91,135,53,27,3,45,17,19,opel
12,21,43,63,21,5,54,29,5,44,61,102,108,33,17,5,13,11,saab
52,47,86,180,41,17,154,1,17,107,142,266,176,25,9,7,19,29,opel
10,21,25,53,25,11,44,31,5,44,51,77,113,27,3,3,17,19,bus
14,11,10,21,15,7,1,53,1,28,2,3,49,7,35,15,41,41,van
42,43,83,164,27,20,160,1,17,109,136,276,166,21,5,7,19,29,opel
20,21,59,45,15,17,64,27,7,68,63,120,104,31,11,33,15,27,van
44,33,51,150,37,7,108,9,11,74,105,191,144,27,13,3,41,33,bus
6,21,33,45,23,7,56,29,5,50,70,105,110,41,3,31,11,9,bus
16,15,23,34,15,7,26,39,3,30,28,39,82,27,11,29,13,15,saab
30,15,47,79,29,11,38,33,5,58,41,60,28,13,9,19,37,43,van
58,41,79,171,35,17,152,3,15,96,128,262,171,21,29,1,23,31,saab
32,3,23,57,27,13,17,41,3,12,31,25,2,11,17,15,39,39,van
54,41,92,178,39,15,135,5,15,90,122,227,175,17,29,47,25,35,saab
16,15,21,59,25,5,50,31,5,34,41,88,101,39,11,17,11,7,saab
14,3,2,2,13,1,3,52,1,3,4,5,38,52,11,19,7,5,van
14,0,0,6,17,1,0,55,1,0,0,0,16,50,25,43,9,3,saab
6,21,25,12,9,7,52,31,5,52,51,88,110,50,9,11,5,3,bus
44,37,88,134,21,15,135,5,15,84,126,229,142,19,3,45,21,33,saab
30,17,21,78,39,13,23,39,3,42,37,36,95,21,15,27,31,39,van
24,29,45,35,15,17,70,27,7,92,49,122,121,31,3,29,11,21,van
36,7,37,153,49,5,79,19,7,14,82,148,32,23,3,7,39,37,bus
14,23,22,24,15,11,52,31,5,48,51,86,123,41,3,21,5,5,bus
44,43,83,134,17,15,160,1,17,108,136,277,163,21,15,35,23,31,opel
3,27,37,49,25,9,56,27,5,56,61,107,146,33,13,21,13,15,bus
22,5,43,104,27,11,64,25,5,8,59,124,14,5,11,45,43,47,opel
30,23,35,88,21,9,68,25,7,50,73,131,127,9,23,31,37,39,opel
14,17,14,32,19,9,48,33,5,46,43,72,99,45,17,9,5,1,bus
46,43,96,195,41,19,147,3,15,94,144,252,168,21,5,33,23,35,saab
14,27,39,14,9,13,64,29,7,88,47,117,106,33,3,15,11,19,van
30,15,39,18,5,9,32,39,3,40,39,44,57,33,11,31,15,7,van
34,5,35,138,48,7,62,23,5,10,76,129,11,21,5,39,45,45,bus
26,11,55,111,21,9,86,19,7,22,86,151,44,13,1,49,31,35,saab
50,43,86,173,33,17,141,3,15,88,144,243,198,23,11,33,23,29,opel
14,1,7,23,19,7,3,53,1,2,6,5,16,19,7,41,17,15,saab
34,9,23,21,7,11,21,45,3,38,30,25,40,35,23,17,15,3,van
52,49,86,196,41,17,154,1,17,107,146,272,197,21,15,9,21,29,opel
12,21,49,47,19,17,62,29,7,72,43,107,106,27,11,35,13,23,van
32,19,25,100,37,7,35,33,3,42,39,61,108,9,21,17,43,43,bus
30,27,59,83,33,19,60,27,5,72,68,113,110,31,5,19,15,29,van
66,33,99,128,15,17,145,3,15,76,148,245,153,21,37,55,29,41,saab
26,5,43,76,15,9,60,25,5,10,65,119,10,9,17,31,37,39,saab
28,19,27,78,15,9,48,29,5,44,51,88,92,5,29,37,43,43,opel
42,29,88,148,29,15,125,7,13,62,128,215,146,25,17,9,23,31,saab
40,49,83,168,33,19,162,1,17,109,136,279,171,21,13,3,17,29,opel
10,7,7,10,13,3,14,45,3,12,13,20,40,41,9,27,7,5,saab
26,11,64,134,29,13,93,17,9,22,96,164,70,17,1,47,29,33,saab
22,13,16,30,15,7,3,51,1,32,10,6,64,9,21,17,33,35,van
22,3,29,43,19,9,10,46,1,14,15,16,0,7,9,39,45,51,van
50,31,81,144,23,15,106,11,11,78,102,184,110,3,27,17,43,53,saab
5,23,31,24,15,9,52,31,5,52,53,94,106,37,7,33,9,11,bus
16,17,22,8,9,7,54,31,5,40,61,92,99,48,11,9,5,3,bus
44,25,51,130,25,13,80,21,7,66,84,146,104,5,27,19,43,51,saab
16,11,16,47,23,9,3,50,1,26,7,6,42,1,15,17,47,51,van
10,7,17,4,9,7,6,50,1,16,10,7,30,37,1,15,9,7,van
8,23,25,63,41,5,46,31,5,46,49,75,119,39,11,1,9,5,bus
30,27,64,154,35,9,90,17,9,60,96,162,156,11,1,7,37,41,saab
26,19,64,76,25,13,48,31,5,72,41,78,40,7,3,53,41,51,van
36,23,49,85,29,13,42,33,5,54,33,67,80,7,11,21,45,51,van
58,47,92,117,5,11,163,0,17,102,156,280,187,45,5,41,9,5,bus
18,21,29,117,49,7,42,31,5,40,45,78,110,17,13,3,35,39,bus
10,25,35,41,21,7,46,31,5,50,45,80,117,29,17,1,17,19,bus
16,15,23,26,13,9,25,41,3,30,26,35,87,27,7,9,7,11,opel
62,41,98,192,39,17,145,3,15,96,138,244,164,15,23,63,25,41,saab
32,7,35,128,45,9,58,25,5,12,53,120,25,13,5,17,41,49,bus
44,21,72,142,27,11,108,11,11,52,102,187,60,11,1,5,33,33,opel
8,19,35,71,33,9,52,29,5,44,66,99,78,31,11,23,17,15,bus
16,25,35,20,17,7,52,31,5,52,51,90,127,43,19,23,7,5,bus
69,39,99,197,37,19,150,3,15,88,146,255,179,13,33,57,31,49,saab
22,25,43,20,7,15,62,29,7,78,53,110,108,35,15,35,13,19,van
22,29,59,134,31,11,86,19,7,64,82,152,130,7,33,11,37,39,saab
10,15,29,73,33,9,38,33,5,40,47,60,53,21,9,25,23,27,bus
20,19,57,39,13,17,58,29,5,58,59,108,85,25,13,5,17,29,van
36,27,86,178,41,15,124,7,13,52,126,213,148,25,13,13,21,25,opel
20,7,10,32,27,7,25,41,3,8,21,33,47,45,33,33,7,5,saab
40,9,23,28,13,9,16,43,3,34,32,23,10,17,7,25,29,25,van
22,23,51,199,50,21,60,29,7,78,100,105,108,52,19,35,13,21,van
18,17,41,79,33,5,60,25,5,34,76,120,72,31,13,25,25,23,bus
30,5,19,45,17,11,19,41,3,30,30,28,8,13,7,55,33,39,van
62,43,84,98,5,7,163,0,17,88,155,280,197,46,21,23,15,3,bus
24,9,39,88,31,9,52,27,5,20,47,103,38,11,1,1,37,45,bus
40,37,61,166,41,5,114,7,11,80,115,203,178,29,9,13,35,27,bus
8,7,23,21,11,9,19,45,3,12,17,25,44,23,35,15,13,11,saab
26,13,79,140,31,13,97,17,9,28,91,167,87,11,19,67,37,47,saab
40,13,43,102,25,7,89,15,9,36,96,164,42,23,9,35,45,39,bus
56,39,79,142,23,15,147,3,15,96,134,249,175,25,17,43,23,31,saab
30,19,45,92,21,9,52,29,5,40,73,100,103,15,31,5,33,31,opel
32,7,33,142,47,7,66,23,5,24,76,134,16,19,1,29,47,45,bus
22,5,25,61,23,11,21,41,3,26,24,33,6,3,13,37,49,55,van
14,23,29,28,19,11,52,31,5,50,53,90,125,37,5,11,9,9,bus
16,23,35,67,29,7,48,29,5,48,51,92,106,21,13,3,25,29,bus
56,29,94,157,25,15,133,5,15,64,140,226,148,19,11,57,27,43,saab
58,37,86,128,17,17,145,3,15,82,122,245,129,11,13,11,25,33,opel
62,35,81,150,21,15,114,9,11,80,113,199,138,7,29,7,39,41,opel
62,29,94,178,27,15,130,5,13,74,130,221,92,9,19,63,37,49,opel
24,33,68,132,25,15,102,13,9,74,114,179,176,17,13,39,29,35,saab
30,23,55,50,15,15,64,27,7,68,70,120,127,29,3,43,15,31,van
8,15,29,73,31,9,46,31,5,34,55,81,62,23,11,35,21,27,bus
36,37,88,188,37,13,122,7,13,84,122,211,182,13,25,41,31,39,opel
24,17,19,21,13,9,54,31,5,42,57,93,101,41,1,31,7,5,bus
30,13,17,9,2,9,17,45,3,48,32,22,70,35,17,13,15,5,van
26,15,23,30,15,13,10,46,3,46,31,16,68,23,7,21,29,25,van
34,23,90,168,31,15,109,13,11,58,102,186,74,7,15,63,43,58,saab
22,7,4,4,11,5,4,51,1,12,6,6,53,43,15,9,9,3,van
48,35,71,144,23,7,156,1,17,82,155,277,160,39,15,15,23,9,bus
54,41,81,184,41,15,158,1,17,98,148,273,152,25,1,27,21,35,saab
68,47,98,144,15,7,163,0,17,107,158,280,199,48,23,43,11,3,bus
18,19,22,23,15,11,48,33,5,44,49,75,97,48,13,7,7,1,bus
40,35,77,159,35,15,110,11,11,72,107,192,186,15,21,3,29,35,saab
32,9,64,117,23,9,87,19,9,20,82,157,47,11,5,57,37,45,saab
8,21,19,17,11,9,52,31,5,52,43,81,121,41,7,9,5,1,bus
56,31,77,156,25,15,102,13,9,74,96,180,113,3,38,31,51,55,opel
22,21,53,39,11,7,48,31,5,46,51,86,92,15,21,29,23,23,opel
30,19,64,100,35,13,50,31,5,52,39,90,45,9,5,35,39,49,van
22,9,49,98,21,9,72,23,7,20,79,136,34,15,11,31,31,31,saab
40,21,45,81,29,11,35,35,3,54,32,55,97,5,38,5,49,51,van
52,37,77,132,21,13,110,11,11,80,105,191,156,13,23,17,33,37,opel
42,47,98,184,35,17,158,1,17,107,148,276,190,19,21,51,23,37,opel
16,17,22,20,11,9,50,31,5,38,53,80,99,48,5,17,7,1,bus
58,47,84,126,13,9,163,0,17,100,155,280,184,33,15,23,21,11,bus
62,41,86,162,29,17,160,1,17,107,144,275,166,21,13,29,21,37,saab
22,21,41,20,11,15,62,29,7,60,37,111,106,31,25,25,15,23,van
42,35,64,132,27,5,128,5,13,74,130,222,176,33,17,53,29,17,bus
38,23,69,83,29,15,52,31,5,54,43,90,97,9,37,41,41,47,van
18,15,35,78,31,9,52,29,5,34,61,99,62,25,7,17,27,25,bus
22,13,33,73,29,9,42,31,5,28,61,73,49,23,9,21,31,29,bus
16,13,39,56,27,7,32,37,3,28,30,48,82,23,7,43,13,17,opel
10,7,7,30,25,3,25,41,3,12,23,38,42,48,7,13,7,3,saab
48,41,83,136,19,15,160,1,17,100,134,276,153,21,27,13,25,33,opel
42,43,83,183,39,15,161,1,17,109,142,279,166,27,23,41,21,29,opel
46,41,92,132,17,9,163,0,17,86,155,280,199,41,13,29,17,7,bus
69,37,99,195,33,19,141,3,15,84,142,241,176,11,42,51,35,47,saab
20,21,43,94,21,7,52,29,5,48,61,101,108,7,19,25,51,53,opel
34,21,57,78,27,15,40,33,5,54,37,64,89,7,21,13,45,49,van
22,13,27,57,19,7,19,41,3,32,28,28,60,1,33,13,53,55,opel
38,25,83,171,35,11,114,11,11,60,109,197,94,11,3,63,29,37,opel
20,9,12,41,23,5,46,33,5,20,37,71,72,50,25,1,7,3,saab
26,25,45,59,25,13,44,31,5,62,47,76,146,19,27,23,25,37,van
6,27,27,56,31,7,52,29,5,52,53,98,138,29,11,1,13,13,bus
40,33,68,140,29,13,97,15,9,68,92,172,142,9,21,3,33,39,saab
30,17,64,132,27,15,104,13,9,40,109,180,92,19,7,25,25,31,opel
26,23,41,102,41,9,50,29,5,46,51,98,112,17,25,3,37,39,bus
62,31,98,142,21,15,133,5,15,70,136,226,166,19,27,61,29,41,saab
18,23,53,88,23,11,62,25,5,46,72,122,103,19,5,5,27,29,opel
44,31,77,164,29,13,108,11,11,70,102,185,106,3,7,11,41,47,opel
60,37,98,122,13,19,148,3,15,100,144,254,168,23,21,57,25,39,saab
46,25,90,146,25,15,122,9,13,58,116,208,138,11,15,71,31,47,saab
34,27,51,111,21,9,84,19,7,62,94,150,121,13,9,9,29,33,saab
22,27,59,57,19,15,56,29,5,60,61,107,123,27,27,15,19,31,van
18,23,43,69,21,9,58,29,5,48,72,108,99,29,31,29,15,15,opel
60,41,90,159,27,17,126,7,13,86,120,217,189,15,25,7,27,37,saab
24,27,59,61,23,15,60,27,5,68,68,114,123,29,3,11,17,29,van
8,7,14,35,29,9,25,43,3,14,21,32,45,43,23,49,5,7,saab
12,23,25,59,31,7,42,33,5,42,47,69,113,29,11,3,13,11,bus
22,27,51,75,17,11,72,23,7,56,80,135,142,23,19,31,21,23,opel
36,15,43,113,31,5,97,13,9,26,104,177,55,27,1,9,39,33,bus
38,23,33,130,45,5,72,21,7,46,66,140,123,19,15,15,39,43,bus
38,27,62,88,31,13,62,27,7,56,57,117,116,15,3,27,31,41,van
36,27,43,161,47,7,82,17,7,58,82,153,116,17,13,33,45,43,bus
18,5,7,9,19,3,3,52,1,8,6,5,36,48,19,31,7,3,van
62,37,75,134,19,3,163,0,17,74,155,280,173,43,1,39,21,9,bus
52,35,96,142,21,17,150,3,15,84,148,256,153,23,31,45,27,39,saab
18,7,16,32,17,7,13,45,3,16,26,19,25,21,3,29,19,21,saab
8,5,7,9,9,9,9,48,3,10,13,13,18,35,3,11,7,5,saab
54,45,79,170,31,17,150,3,15,104,136,257,171,23,5,39,23,35,opel
5,11,16,15,15,7,30,39,3,20,21,42,44,39,1,11,5,9,opel
56,41,81,193,37,3,163,0,17,82,157,280,199,52,11,23,11,1,bus
6,25,31,49,25,9,56,29,5,54,65,105,130,39,3,29,11,11,bus
44,35,98,191,37,13,150,1,15,82,153,262,158,23,13,37,25,35,opel
20,21,31,54,15,11,35,37,5,44,31,53,103,15,15,37,23,31,opel
32,31,62,79,31,15,64,27,7,74,68,120,153,29,9,1,13,25,van
42,19,66,146,29,11,108,11,11,46,113,187,89,15,13,27,29,35,saab
24,27,59,54,19,13,54,29,5,68,61,103,119,25,9,5,19,31,van
32,27,59,199,51,21,60,27,5,68,158,113,125,53,25,19,23,29,van
44,47,94,166,29,17,163,1,17,109,148,280,156,23,13,39,19,33,opel
16,17,22,4,3,11,54,31,5,40,49,86,97,48,9,33,5,3,bus
26,9,29,81,35,21,32,35,3,36,35,53,22,13,9,23,31,41,van
30,21,68,92,33,15,56,29,5,70,51,106,45,11,19,35,35,43,van
16,27,39,90,39,7,58,27,5,50,63,115,130,27,15,7,23,25,bus
24,31,55,130,29,9,95,15,9,66,104,169,179,19,3,5,25,27,saab
38,7,41,98,23,11,72,23,7,20,84,138,32,23,1,1,23,21,opel
60,47,92,113,5,5,163,0,17,98,157,280,199,52,23,5,11,0,bus
22,15,39,85,35,5,56,27,5,30,61,111,66,23,5,1,23,27,bus
40,9,29,128,39,7,78,19,7,30,84,144,20,21,7,35,47,43,bus
18,17,21,63,31,15,21,41,3,40,28,33,76,13,15,1,33,39,van
58,39,96,176,31,19,132,5,13,84,120,223,152,9,42,45,35,47,saab
14,7,49,78,21,11,56,29,5,10,68,106,32,17,13,43,29,31,opel
46,37,90,85,9,15,141,3,15,84,138,242,154,27,25,23,19,25,opel
36,11,43,81,27,11,32,35,3,58,33,50,11,3,31,7,49,53,van
50,29,83,161,27,19,124,7,13,74,118,212,85,11,17,45,31,41,opel
20,13,35,105,39,9,50,29,5,32,59,99,60,17,5,41,39,37,bus
5,9,21,28,21,11,23,43,3,10,23,27,30,31,3,47,5,13,opel
26,9,39,39,9,7,38,35,5,20,41,57,57,17,3,15,19,19,saab
16,23,31,73,35,9,42,31,5,46,45,75,106,23,11,13,25,29,bus
16,9,61,109,23,13,87,19,9,26,88,156,36,15,3,57,29,35,saab
22,23,43,132,31,13,72,23,7,60,86,137,103,11,9,5,35,39,saab
1,5,4,8,15,3,4,52,1,6,3,6,30,46,3,25,2,5,opel
5,19,31,34,23,9,50,31,5,50,51,82,106,41,13,31,7,5,bus
20,5,45,81,27,7,32,37,3,4,33,46,20,11,9,67,35,41,opel
14,23,53,34,15,17,68,27,7,70,51,120,101,31,21,43,13,23,van
46,39,96,126,11,19,148,3,15,102,126,253,125,15,9,49,27,39,opel
22,21,29,78,31,7,33,35,3,44,39,55,101,11,19,23,33,35,bus
36,5,37,124,43,7,48,27,5,12,66,99,16,17,1,35,49,47,bus
18,19,29,98,47,9,54,29,5,48,65,99,97,31,13,25,15,11,bus
30,1,33,53,15,7,21,41,3,4,30,31,13,5,11,41,47,49,saab
36,11,12,9,5,7,21,45,3,36,26,25,58,50,13,1,9,1,van
40,29,83,146,25,17,133,3,13,62,140,233,135,21,11,15,25,29,opel
24,1,23,78,21,9,32,35,3,6,41,54,4,1,3,7,49,51,saab
14,23,29,12,11,9,48,31,5,48,49,78,123,41,17,9,9,5,bus
26,15,72,150,33,13,104,13,9,32,102,180,64,11,23,49,33,37,opel
22,5,27,50,17,9,25,41,3,10,26,35,18,11,7,69,33,43,opel
56,39,79,159,29,17,156,1,17,92,142,268,168,21,21,49,23,31,opel
16,9,66,111,21,13,86,19,7,22,86,153,55,13,15,65,33,41,opel
66,33,88,150,19,17,135,5,15,76,132,227,123,13,31,45,29,41,saab
12,7,29,54,27,13,26,37,3,26,31,41,40,15,23,19,35,41,van
52,39,96,164,25,17,150,3,15,94,138,256,160,13,1,19,23,39,saab
42,27,69,192,49,5,126,5,13,54,148,224,123,37,9,23,31,19,bus
12,9,55,49,11,9,48,31,5,22,65,80,57,27,13,59,17,19,saab
14,17,29,28,15,9,50,31,5,48,65,81,99,43,21,29,9,7,bus
52,35,90,96,11,15,135,5,15,82,126,228,178,23,19,41,21,31,saab
14,7,25,54,23,7,16,43,3,18,19,25,8,9,7,29,37,43,van
30,17,21,17,5,9,25,43,3,46,39,30,68,35,33,25,17,7,van
12,13,31,30,13,9,50,31,5,26,45,82,87,39,25,3,7,9,opel
26,31,61,146,29,11,97,15,9,70,103,173,150,13,15,11,31,33,opel
40,27,98,157,21,17,123,9,13,66,107,209,87,1,3,65,35,53,saab
46,35,79,144,23,15,117,9,11,80,124,205,176,13,1,21,31,39,saab
24,27,35,39,19,17,72,25,7,64,55,129,121,33,23,17,13,19,van
26,5,16,21,15,7,3,51,1,18,7,6,5,13,13,29,31,33,van
42,33,64,161,31,15,106,11,11,76,111,183,135,11,25,23,35,39,opel
48,39,83,199,47,3,163,0,17,84,155,280,195,48,15,45,15,5,bus
22,25,37,37,21,13,64,29,7,74,51,115,108,37,25,7,15,19,van
46,37,83,150,27,13,110,11,11,82,109,190,153,13,29,31,33,41,saab
34,47,88,195,49,15,141,3,15,107,134,242,180,27,1,9,19,23,opel
46,39,69,144,33,7,130,5,13,80,146,226,168,35,11,29,31,21,bus
26,11,53,88,39,15,36,33,5,32,39,59,74,15,27,19,29,39,van
26,25,39,126,49,9,58,25,5,52,66,120,134,23,17,17,31,35,bus
32,7,37,98,21,9,74,23,7,24,66,139,22,5,13,13,43,45,opel
28,9,37,115,27,13,72,23,7,28,72,135,25,5,15,59,41,49,opel
34,19,31,79,31,7,40,31,5,40,49,75,97,13,17,9,37,37,bus
56,37,83,176,31,17,125,7,13,74,117,216,154,9,5,9,31,45,saab
6,19,25,45,27,9,48,33,5,48,55,76,97,45,3,29,7,5,bus
28,19,29,18,7,7,30,39,3,46,39,43,99,37,9,33,13,7,van
10,23,35,83,39,11,35,33,3,46,49,57,112,21,21,7,29,35,van
50,47,90,186,41,17,152,1,15,104,138,263,199,25,21,5,21,27,opel
40,17,68,140,25,13,99,15,9,46,84,176,36,1,7,17,45,53,saab
24,15,17,57,23,7,13,45,3,40,18,21,72,1,27,9,49,53,van
56,37,94,173,27,11,124,7,13,80,123,214,148,13,19,35,35,39,opel
38,27,51,124,31,11,84,19,7,58,90,151,116,19,23,5,31,33,opel
14,13,23,14,7,3,54,29,5,24,51,98,83,52,27,7,7,3,opel
44,31,49,164,43,7,104,11,9,70,105,183,144,25,7,27,43,35,bus
8,19,31,71,39,9,50,31,5,44,53,82,101,35,15,23,9,9,bus
1,19,29,57,33,11,44,33,5,48,49,71,92,33,3,25,9,9,bus
36,41,88,109,19,15,147,3,15,107,128,251,179,29,27,47,19,25,opel
54,35,96,156,27,17,156,1,17,84,148,269,152,23,25,33,25,37,saab
28,13,17,53,21,11,11,45,1,36,18,18,58,3,27,3,54,57,van
26,21,23,65,29,9,27,37,3,50,43,41,90,23,3,19,23,25,van
52,43,98,196,37,19,152,1,15,106,145,263,182,13,17,45,29,41,opel
54,33,72,105,11,3,160,1,17,76,155,278,158,45,9,25,19,5,bus
58,45,90,157,25,17,158,1,17,109,148,276,164,23,31,3,25,29,opel
8,13,35,49,17,11,56,29,5,24,57,100,64,29,23,19,9,11,opel
38,43,88,183,45,13,139,5,15,100,130,235,180,27,3,49,19,29,saab
46,43,83,124,17,20,161,1,17,108,136,279,154,21,11,21,19,33,opel
22,25,45,63,29,17,70,27,7,78,51,124,106,25,11,19,17,25,van
32,23,66,176,45,5,108,11,11,48,103,192,116,21,9,27,37,33,bus
16,17,21,15,11,7,46,33,5,44,51,71,97,52,3,7,5,1,bus
52,43,81,156,35,15,145,3,15,104,134,248,178,27,3,3,17,25,saab
52,41,69,170,37,17,152,3,15,98,132,258,140,27,9,43,21,29,opel
32,25,47,121,27,11,82,21,7,54,86,148,135,13,25,31,29,33,opel
16,9,41,51,21,11,35,35,3,20,45,55,36,21,11,21,25,29,van
24,29,45,51,23,17,72,27,7,76,55,129,123,29,5,5,15,23,van
10,25,31,75,43,7,52,29,5,52,59,95,144,39,7,23,9,9,bus
52,47,86,188,47,19,158,1,17,108,132,273,175,23,23,25,19,27,opel
30,23,51,113,31,9,70,23,7,52,70,133,127,19,23,23,31,35,saab
8,11,61,47,11,9,56,31,5,26,59,95,38,21,23,37,13,15,opel
48,35,96,142,17,15,141,3,15,82,124,237,119,11,15,43,29,39,opel
60,41,98,134,17,17,156,3,17,106,144,267,168,19,25,47,25,39,saab
38,23,41,109,23,13,64,25,7,56,70,125,94,5,33,25,43,49,saab
14,19,23,28,17,7,52,31,5,44,57,88,92,50,9,19,7,3,bus
48,41,79,113,15,15,154,3,17,100,124,263,180,23,11,35,19,29,opel
56,41,90,88,1,5,163,0,17,88,156,280,195,46,25,3,9,1,bus
32,23,33,117,41,7,62,23,5,46,72,128,132,17,11,11,33,33,bus
56,43,79,191,39,17,147,3,15,98,130,247,168,15,5,59,25,39,opel
32,19,53,39,11,15,60,27,5,56,63,117,80,27,3,13,19,31,van
20,5,7,4,17,1,3,52,1,14,6,5,32,52,15,29,7,3,van
48,41,79,94,9,15,150,3,15,106,142,255,180,23,1,61,21,33,opel
46,45,81,161,27,19,163,1,17,109,146,280,154,25,1,23,19,31,opel
54,41,77,126,17,15,154,1,17,98,146,263,173,29,11,25,21,27,opel
16,5,23,24,17,11,17,45,3,12,17,25,38,31,11,55,13,11,opel
26,11,33,34,13,9,42,33,5,22,51,66,57,33,19,37,15,15,saab
38,25,74,170,37,15,117,9,11,52,134,206,136,19,1,29,23,31,opel
68,39,81,162,31,17,156,1,17,90,144,268,168,21,42,23,25,35,saab
46,35,99,156,21,17,145,5,15,82,132,241,136,9,1,69,27,49,saab
30,3,45,85,23,11,50,31,5,8,55,84,34,13,5,65,29,33,opel
34,25,71,79,29,17,70,25,7,72,63,126,97,19,15,43,25,37,van
46,43,90,122,21,15,147,3,15,108,128,246,180,27,25,53,19,27,opel
16,19,29,21,15,7,46,33,5,48,43,69,97,50,13,19,5,1,bus
20,9,43,75,15,9,76,23,7,16,76,139,40,13,3,19,31,33,opel
50,41,94,134,15,17,161,1,17,106,136,276,148,19,1,59,21,39,opel
34,7,31,102,25,13,64,27,7,26,66,121,13,5,11,73,39,53,saab
22,9,37,43,21,9,26,39,3,24,45,40,18,23,15,15,25,23,van
0,9,12,20,19,5,21,43,3,12,23,27,49,52,1,43,2,5,opel
28,17,39,104,23,11,44,31,5,42,59,75,78,3,42,21,54,58,opel
58,41,96,195,39,19,152,3,17,98,132,259,182,13,27,51,27,45,saab
14,13,39,41,15,9,54,29,5,26,57,96,78,31,15,33,11,11,saab
20,11,41,73,27,11,27,37,3,32,28,42,11,5,7,13,49,55,van
22,13,66,107,19,11,97,15,9,24,102,171,68,19,15,37,25,29,saab
30,13,35,45,19,7,26,39,3,34,43,39,34,25,1,1,21,13,van
22,5,27,85,29,7,32,37,3,20,39,49,14,11,3,71,33,45,saab
24,19,51,197,50,21,50,31,5,56,100,86,85,52,11,19,19,29,van
54,37,94,166,23,17,152,3,15,92,128,260,142,11,1,41,29,43,opel
28,23,41,85,17,9,68,23,7,52,76,132,108,17,17,21,27,27,saab
38,21,75,157,35,13,110,11,11,46,120,189,104,23,31,23,27,31,saab
62,31,86,128,17,17,132,5,13,70,115,225,123,9,25,43,31,39,opel
34,27,35,146,43,9,82,17,7,62,76,155,121,17,19,39,47,49,bus
16,19,16,11,9,11,50,33,5,46,49,78,99,48,17,17,5,1,bus
20,29,68,115,23,11,93,17,9,62,100,165,144,15,27,33,31,35,saab
58,43,86,94,2,9,163,0,17,102,156,280,192,45,11,60,5,9,bus
52,31,90,170,25,17,133,5,15,72,122,227,92,7,1,39,33,51,saab
22,15,19,35,21,7,7,50,1,32,17,10,58,31,25,7,19,13,van
24,11,10,5,1,9,25,43,3,36,28,29,60,48,25,17,13,1,van
40,21,64,111,37,15,66,27,7,56,57,124,66,11,29,19,35,41,van
48,43,83,176,37,19,160,1,17,108,138,274,166,21,5,43,21,35,saab
16,13,23,45,21,9,6,48,1,36,12,11,45,5,15,23,51,53,van
46,31,86,174,37,15,125,7,13,70,118,214,103,17,9,23,25,29,opel
62,43,77,138,17,7,163,0,17,98,155,280,195,48,17,19,15,5,bus
28,23,37,130,49,9,64,23,5,44,68,129,117,19,17,13,37,39,bus
20,1,12,47,21,7,11,45,3,18,17,19,0,5,9,21,45,49,van
30,11,61,119,21,13,82,19,7,26,79,148,20,5,13,35,41,45,saab
36,7,37,130,39,11,68,25,7,26,74,130,28,17,7,33,27,31,saab
20,19,29,113,49,20,54,29,5,44,70,100,92,31,3,19,19,15,bus
20,21,57,37,13,19,60,29,7,74,63,110,85,29,15,23,13,27,van
28,13,23,4,1,9,30,41,5,38,31,40,55,48,25,39,11,3,van
20,21,29,65,25,11,36,33,3,44,37,62,101,15,15,17,39,43,bus
32,11,39,126,47,11,60,25,5,24,61,121,49,19,9,11,31,37,bus
58,35,86,122,15,17,143,3,15,82,138,243,173,23,5,9,23,33,saab
16,9,12,11,15,3,3,52,1,16,7,5,62,35,19,5,15,9,van
3,11,33,23,9,13,35,37,5,28,41,52,47,33,15,43,9,15,opel
24,11,66,121,27,11,93,17,9,22,100,165,66,19,23,31,25,27,saab
16,23,23,21,17,11,46,33,5,48,51,73,123,50,1,15,5,1,bus
68,29,79,168,27,13,128,7,13,60,120,219,117,7,35,59,33,45,saab
18,31,61,136,31,13,97,15,9,64,96,171,160,13,23,15,31,35,opel
60,45,84,199,49,7,163,0,17,92,155,280,183,43,19,27,19,7,bus
16,13,23,43,21,3,27,39,3,24,35,41,60,27,13,29,19,17,saab
14,19,23,14,11,9,50,33,5,52,49,76,104,52,1,11,5,1,bus
46,45,83,197,47,15,150,3,15,100,148,259,171,23,5,13,21,31,saab
54,43,77,121,15,13,154,1,17,107,146,271,171,27,9,11,21,25,opel
20,11,64,144,41,11,84,21,7,24,98,147,60,27,7,45,19,21,opel
68,39,72,150,27,17,148,3,15,88,128,254,140,23,13,51,23,35,saab
22,17,39,47,13,7,40,33,5,36,51,64,89,21,31,53,29,33,opel
40,3,29,122,39,5,60,23,5,6,76,126,4,21,7,45,51,47,bus
46,29,59,138,23,17,93,17,9,64,89,165,125,3,11,45,41,57,saab
60,41,86,174,33,17,135,5,15,82,142,232,194,21,19,1,25,31,saab
26,13,55,92,23,11,70,23,7,24,84,133,68,23,11,15,19,19,saab
16,19,27,17,11,7,50,33,5,46,59,77,108,52,7,15,7,1,bus
38,3,23,65,31,11,13,45,3,16,17,21,0,11,13,5,37,37,van
54,39,96,164,29,19,160,3,17,94,138,270,150,21,31,67,25,43,saab
32,19,27,83,21,9,54,27,5,44,61,107,125,13,25,23,33,33,saab
36,23,62,98,37,15,58,29,5,56,45,110,103,13,19,17,31,39,van
22,27,49,30,11,17,70,27,7,84,61,124,103,33,3,15,11,23,van
52,43,90,180,39,17,130,5,13,96,128,221,171,21,19,37,25,29,opel
62,41,86,184,35,17,145,3,15,92,144,246,164,19,3,47,23,39,saab
62,39,86,171,29,17,154,1,17,102,144,265,164,21,13,7,23,35,saab
42,41,81,153,27,13,124,7,13,90,130,214,195,19,5,15,25,33,opel
28,25,53,100,19,11,79,21,7,56,72,144,85,1,17,23,47,53,opel
12,9,23,43,27,7,10,48,3,22,11,15,38,19,9,15,17,17,opel
14,17,23,12,9,9,48,31,5,48,57,77,83,48,11,9,7,1,bus
22,5,25,49,21,11,30,35,3,18,43,49,16,25,15,3,25,29,van
60,39,88,121,15,17,156,3,17,92,138,270,168,23,31,37,25,35,saab
52,41,83,150,31,17,143,3,15,102,123,242,179,27,29,9,21,29,saab
44,35,66,153,33,7,125,5,13,76,124,220,156,27,13,15,33,23,bus
14,3,21,26,17,7,3,52,1,8,6,5,10,9,3,47,39,43,van
40,43,96,96,9,17,161,1,17,109,146,279,173,25,17,60,21,33,opel
12,9,37,43,17,11,30,39,3,12,32,43,16,23,19,41,13,19,opel
22,9,45,69,25,9,42,33,5,12,43,66,44,17,1,19,21,25,opel
52,43,90,190,43,15,161,1,17,108,151,279,175,29,29,23,23,29,opel
12,21,22,24,13,11,50,33,5,54,49,77,106,43,3,23,5,3,bus
5,5,27,23,15,9,13,46,3,6,15,18,27,19,5,43,13,19,opel
3,19,33,49,27,11,56,29,5,46,61,102,103,35,1,17,11,13,bus
22,19,43,57,11,11,38,33,5,50,37,59,103,7,27,11,35,39,saab
10,13,14,8,9,9,19,45,3,32,12,22,72,46,25,13,2,3,van
22,33,55,146,33,7,99,15,9,70,107,177,162,21,3,13,25,25,opel
24,13,55,115,25,11,99,15,9,22,98,172,72,21,3,29,21,23,opel
20,17,23,34,17,7,7,48,1,46,15,12,78,11,17,9,33,33,van
36,19,53,83,13,5,108,9,11,40,118,193,82,29,1,13,37,29,bus
30,11,19,56,19,9,13,45,3,26,18,21,74,5,19,15,43,45,saab
40,25,43,153,45,9,80,19,7,58,76,149,113,17,27,19,47,43,bus
30,11,45,88,35,11,30,37,3,38,28,48,14,7,9,15,49,53,van
44,35,98,197,43,17,156,1,17,84,153,276,158,25,23,39,25,33,opel
24,5,59,126,31,7,70,23,7,8,80,134,38,11,19,61,37,43,saab
20,13,47,124,27,9,95,17,9,34,100,166,58,11,1,59,25,35,opel
38,39,90,192,45,19,158,1,17,92,138,271,152,19,7,41,19,37,saab
12,7,29,63,25,9,27,39,3,38,28,40,8,7,1,47,39,47,van
16,11,17,26,21,7,3,52,1,28,6,5,49,7,15,19,45,45,van
14,9,33,28,9,13,23,43,3,22,12,29,10,9,3,49,23,33,opel
18,17,16,8,5,7,50,33,5,40,49,76,97,48,5,29,3,1,bus
50,45,90,124,21,15,137,5,15,104,122,232,175,23,27,45,23,29,opel
24,31,59,49,17,17,68,27,7,92,57,121,123,29,3,23,11,21,van
5,1,1,2,17,1,1,55,1,0,1,1,8,52,9,15,5,3,opel
28,7,39,138,45,7,72,21,7,14,70,138,30,17,3,29,37,41,bus
14,0,3,0,9,3,2,55,1,0,4,2,16,45,3,60,5,7,saab
20,1,27,67,17,5,29,37,3,3,30,44,7,3,19,59,54,57,opel
28,17,27,69,19,11,32,37,3,34,41,48,60,7,21,43,45,49,opel
10,7,2,4,13,5,6,50,1,14,11,8,51,48,17,33,7,5,van
40,11,25,39,15,11,17,45,3,46,31,23,28,23,9,21,19,11,van
38,43,77,100,11,15,148,3,15,104,124,253,175,29,1,9,15,23,opel
60,45,86,199,48,15,158,1,17,106,148,273,168,25,17,7,21,31,saab
24,29,51,53,23,13,50,29,5,70,57,88,148,29,5,1,17,27,van
36,13,81,115,19,11,102,15,9,26,104,178,78,15,11,66,31,41,saab
56,37,96,166,31,19,158,3,17,94,144,267,148,25,42,71,27,47,saab
12,5,39,39,13,7,32,37,3,8,43,48,36,21,9,69,25,27,saab
52,39,83,136,29,15,143,5,15,90,123,238,152,27,27,43,23,33,saab
10,21,29,92,41,5,36,33,3,44,43,58,95,17,15,13,23,23,bus
20,21,31,90,43,9,38,33,5,40,45,64,99,21,9,9,23,23,bus
40,35,57,166,47,9,104,11,9,80,98,186,144,23,19,23,39,35,bus
24,17,19,53,21,9,17,41,3,42,26,27,82,9,31,7,41,45,van
16,13,19,37,15,5,21,41,3,28,23,30,89,19,19,5,21,19,saab
50,31,94,117,11,19,135,5,15,76,117,230,117,11,3,25,29,37,opel
16,21,29,47,31,7,46,31,5,48,51,75,121,43,21,3,9,3,bus
48,37,83,176,31,15,128,7,13,72,117,219,123,9,1,39,33,43,opel
6,9,7,17,19,7,23,43,3,14,15,27,55,45,21,13,2,5,opel
38,15,17,34,15,9,16,45,3,44,30,22,72,35,11,15,15,9,van
36,15,27,69,15,9,33,35,3,40,35,54,94,1,23,17,51,55,saab
16,21,22,26,15,7,54,31,5,58,47,84,108,45,9,27,3,3,bus
38,31,41,159,48,9,99,13,9,72,91,178,123,23,1,15,41,37,bus
60,43,90,196,39,17,152,1,15,100,142,267,162,17,29,9,27,31,opel
26,37,79,148,27,13,116,9,11,80,120,202,196,17,7,3,27,35,opel
12,19,41,119,49,9,60,27,5,44,70,117,101,33,11,25,17,17,bus
34,25,88,168,35,13,113,11,11,54,113,195,94,15,1,57,27,37,saab
34,19,55,151,41,7,97,13,9,36,84,177,83,15,13,9,39,33,bus
36,25,64,81,31,13,52,29,5,54,57,96,116,19,31,23,31,35,van
16,21,43,73,23,9,54,29,5,40,59,103,80,23,19,1,21,21,opel
24,9,47,126,41,7,70,21,7,18,66,138,27,11,5,29,43,47,bus
14,9,39,32,11,9,44,33,5,20,53,70,49,29,15,51,13,13,saab
54,39,90,126,17,17,139,3,15,94,134,236,175,21,1,31,19,31,saab
22,9,43,83,27,9,48,31,5,16,59,80,64,21,13,43,23,23,saab
40,43,88,176,37,13,132,5,13,92,132,224,176,23,11,39,21,29,saab
14,13,23,39,19,7,35,37,5,32,39,52,85,33,5,45,11,9,saab
38,7,45,121,27,11,72,23,7,20,73,136,4,3,5,57,53,58,opel
38,15,71,150,29,15,100,15,9,38,96,177,32,5,9,7,41,45,opel
44,27,64,136,23,15,88,17,9,68,79,159,94,0,31,37,49,57,saab
16,3,2,2,11,0,3,52,1,2,7,5,34,52,13,3,7,3,van
12,17,41,75,31,9,52,29,5,44,68,96,72,29,1,41,21,23,bus
22,23,59,61,21,17,66,27,7,74,65,120,101,29,25,33,13,23,van
26,11,43,69,21,11,30,37,3,36,31,46,10,3,17,35,49,55,van
36,33,74,178,37,13,109,11,11,74,117,188,168,13,17,13,33,39,saab
20,3,16,51,21,9,13,45,3,16,15,21,0,3,3,13,51,55,van
64,25,81,150,25,13,116,9,11,56,111,201,78,9,23,15,35,43,saab
18,15,23,47,19,7,46,33,5,30,39,70,110,37,38,5,9,7,saab
22,27,55,98,25,11,78,21,7,58,84,141,130,23,15,21,21,23,saab
24,19,33,76,31,11,26,39,3,48,30,41,90,7,9,13,49,55,van
24,27,59,83,31,15,76,25,7,78,65,136,121,25,19,1,17,27,van
48,19,77,150,29,15,106,13,11,42,102,182,38,9,17,25,37,45,opel
64,39,88,190,35,15,139,5,15,86,132,235,162,13,11,33,27,43,saab
32,25,69,109,43,19,64,27,7,68,55,117,134,17,31,43,27,37,van
14,21,23,20,19,7,46,31,5,48,51,76,121,46,17,3,7,3,bus
34,35,77,148,29,13,112,11,11,80,109,195,189,15,27,1,29,33,opel
50,15,55,144,29,13,93,17,9,42,98,163,36,9,15,60,41,49,opel
38,27,64,124,23,9,120,7,13,54,117,212,150,27,17,1,31,19,bus
26,3,23,79,21,9,44,31,5,20,49,75,10,7,3,3,41,43,opel
28,7,49,119,37,11,58,27,5,16,70,112,47,17,13,19,27,27,saab
44,49,98,196,43,17,162,1,17,109,148,279,159,23,1,27,21,33,opel
8,19,35,78,39,9,52,29,5,48,72,94,101,39,5,35,13,13,bus
54,35,49,166,45,7,117,7,11,76,117,208,127,29,13,41,35,25,bus
16,23,29,15,15,9,46,31,5,46,51,76,123,46,19,11,7,3,bus
22,15,41,124,48,9,64,25,5,30,72,128,64,27,17,25,29,27,bus
34,25,41,85,35,17,74,25,7,68,61,132,99,27,17,9,15,23,van
36,25,29,144,43,7,82,19,7,54,74,152,97,17,35,21,47,43,bus
24,25,35,41,19,17,72,27,7,74,51,128,123,31,1,19,11,23,van
64,45,98,153,17,5,163,0,17,96,156,280,199,43,23,21,13,3,bus
42,9,37,126,35,7,78,19,7,20,90,144,34,21,5,45,47,41,bus
14,17,23,12,9,9,48,33,5,44,49,73,78,48,21,15,7,1,bus
20,13,27,56,21,9,16,43,3,26,15,25,47,7,3,3,33,37,opel
56,47,94,199,37,7,163,0,17,100,157,280,199,50,19,61,7,5,bus
22,3,5,14,17,3,6,50,1,8,7,9,18,43,11,27,9,5,saab
54,35,90,150,23,17,113,11,11,82,107,196,136,7,37,9,39,47,saab
32,13,59,128,27,13,86,19,7,36,76,155,27,1,5,19,47,57,saab
16,23,31,100,43,7,42,31,5,50,55,73,129,21,21,17,21,19,bus
60,35,81,164,29,15,119,9,13,76,117,208,150,9,15,33,35,47,saab
24,25,39,34,13,17,70,27,7,80,57,124,97,33,1,33,11,21,van
44,19,71,150,27,15,101,13,9,44,100,179,64,7,13,19,37,47,saab
28,15,23,20,7,9,30,41,3,44,32,39,80,41,15,39,11,5,van
22,9,53,75,21,11,56,27,5,16,68,110,34,19,3,3,21,21,saab
28,7,39,126,43,7,58,25,5,20,76,120,16,21,1,9,43,41,bus
10,17,31,67,31,9,48,31,5,42,55,84,74,27,5,5,15,17,bus
30,27,55,90,23,9,82,21,7,52,96,147,150,25,25,9,21,21,opel
56,39,79,140,19,17,150,3,15,90,142,256,132,21,23,49,23,33,opel
60,31,86,154,27,15,132,5,13,68,140,226,169,23,13,33,25,33,saab
36,29,55,113,21,11,88,19,9,62,92,158,140,13,31,1,37,39,opel
30,19,45,85,31,11,27,37,3,48,28,42,76,5,35,25,53,57,van
42,37,88,113,13,15,137,5,15,90,124,234,169,25,7,5,21,25,opel
64,41,84,156,31,17,143,3,15,100,130,242,178,25,35,33,23,33,saab
8,19,29,199,51,21,30,37,3,48,146,46,99,52,9,19,27,35,van
28,3,12,39,19,7,6,50,1,22,9,10,2,7,13,35,41,43,van
32,31,53,41,15,15,68,27,7,78,63,124,123,31,21,15,13,21,van
34,17,77,150,33,13,99,15,9,40,98,174,57,13,3,59,33,37,opel
48,41,79,156,25,7,161,0,17,88,155,280,186,37,19,29,23,11,bus
44,41,84,164,33,15,122,7,13,86,134,210,194,23,9,23,21,29,saab
54,23,81,146,25,15,122,7,13,56,117,209,123,13,17,11,31,37,saab
58,39,96,173,29,17,154,3,17,94,142,262,144,17,21,43,27,43,saab
32,21,29,128,47,11,56,25,5,46,53,119,110,13,15,5,45,49,bus
44,37,98,192,39,15,160,1,17,88,154,277,159,25,15,57,23,35,opel
38,15,64,126,21,13,93,17,9,38,89,165,53,5,3,11,39,47,saab
36,25,37,157,49,5,76,19,7,56,77,143,132,19,15,17,39,37,bus
52,37,99,104,9,15,154,1,17,90,149,269,175,27,21,57,23,33,opel
52,39,83,153,33,17,143,3,15,94,120,241,178,23,25,25,21,33,saab
26,9,41,104,25,11,82,21,7,26,94,146,49,21,1,57,25,33,opel
54,41,96,199,43,19,147,3,15,94,138,254,183,15,9,45,25,39,saab
32,23,59,86,39,15,64,29,7,70,51,116,106,25,35,23,21,27,van
54,25,81,146,25,13,116,9,11,58,107,200,80,9,11,19,35,41,opel
32,23,59,81,29,15,66,27,7,72,59,124,82,15,3,13,25,35,van
26,7,41,43,13,11,19,43,3,28,28,25,11,17,1,25,29,21,van
48,29,90,177,31,15,125,7,13,62,117,214,110,7,1,51,31,45,saab
36,21,25,136,43,9,60,23,5,48,68,126,89,13,11,15,51,49,bus
14,5,33,23,15,9,11,48,3,8,11,16,10,19,7,60,15,25,opel
50,29,77,198,45,15,130,5,13,64,138,226,142,21,5,31,23,29,opel
46,43,94,154,25,17,161,1,17,109,142,276,154,27,17,67,21,39,opel
50,37,86,100,7,9,163,0,17,78,155,280,199,43,7,47,13,5,bus
14,23,35,94,41,11,36,33,3,54,57,58,106,21,5,1,27,35,van
68,47,84,121,7,7,163,0,17,96,157,280,199,48,5,43,11,5,bus
20,13,8,5,9,9,19,46,3,36,9,22,74,52,1,15,1,3,van
16,7,43,53,11,9,58,27,5,12,68,111,49,21,29,27,19,19,opel
48,35,88,181,37,15,130,5,13,82,126,220,138,15,7,39,23,31,saab
54,35,72,81,5,9,150,1,15,88,153,261,159,41,19,51,23,13,bus
44,33,79,161,29,7,152,1,15,70,148,274,166,33,17,15,25,15,bus
36,21,59,92,35,15,60,27,5,58,45,114,76,13,7,21,31,41,van
62,37,88,153,23,19,147,3,15,82,126,254,164,13,23,15,25,35,saab
18,11,37,90,35,7,40,31,5,26,57,70,38,19,7,43,37,37,bus
24,15,45,54,13,9,29,37,3,34,33,44,74,13,1,3,31,31,opel
40,29,83,159,33,13,120,7,13,62,120,209,103,15,5,11,25,31,saab
36,25,64,107,39,15,60,27,5,54,57,113,116,17,29,31,35,41,van
14,19,27,49,27,9,54,29,5,48,66,99,112,46,3,9,9,5,bus
26,17,23,50,19,13,23,41,3,42,37,36,85,17,13,11,29,31,van
5,19,25,17,9,9,50,33,5,52,49,80,106,41,15,29,5,5,bus
30,25,59,98,35,13,52,29,5,52,49,96,112,13,1,9,37,45,van
30,35,68,170,41,11,104,13,11,70,114,181,185,19,13,3,25,29,saab
36,13,45,100,19,9,91,17,9,36,96,163,78,15,7,59,29,37,saab
14,5,4,6,15,5,3,52,1,6,7,5,16,41,27,11,9,5,van
44,5,35,153,48,7,74,21,7,12,84,140,13,23,13,39,47,45,bus
26,5,33,85,23,11,50,29,5,24,43,90,8,5,5,45,39,47,saab
26,15,21,59,25,11,14,43,3,42,33,22,64,15,13,25,35,39,van
16,11,12,20,13,5,3,52,1,26,7,5,55,17,15,13,27,25,van
34,39,75,157,33,15,116,9,11,78,126,201,191,21,7,5,23,29,saab
26,19,33,50,15,9,48,31,5,38,47,80,87,23,27,47,19,19,saab
6,23,25,41,23,9,54,31,5,60,45,88,112,41,7,27,5,3,bus
32,33,57,43,17,15,62,29,7,98,53,110,125,33,11,13,11,19,van
58,23,71,150,27,15,110,11,11,54,102,189,76,7,25,41,37,43,opel
68,35,81,156,23,19,119,9,13,82,107,206,119,3,42,3,43,53,saab
24,21,27,67,31,9,25,39,3,48,41,38,82,29,7,5,21,19,van
48,37,79,192,45,15,145,3,15,86,142,251,146,21,1,33,21,29,opel
50,39,92,104,13,15,141,5,15,94,126,235,180,25,33,49,21,31,saab
12,19,29,17,11,11,52,31,5,50,57,86,106,41,3,25,9,5,bus
40,9,45,138,33,11,86,19,7,30,96,155,42,13,19,41,31,35,saab
20,11,29,92,35,9,46,29,5,26,45,86,45,17,11,27,33,39,bus
26,25,83,153,33,13,119,9,13,50,124,207,146,25,11,17,19,25,opel
26,5,55,85,25,11,35,35,5,14,37,54,34,5,1,61,33,37,saab
5,21,25,12,9,11,52,31,5,50,51,88,130,39,9,33,7,7,bus
38,29,90,174,31,17,125,7,13,68,115,214,82,7,5,15,33,41,opel
28,37,72,161,37,13,111,11,11,80,117,194,194,23,5,11,23,27,opel
18,17,29,45,21,9,48,31,5,42,65,80,70,35,13,19,17,13,bus
32,7,33,56,23,13,21,41,3,28,33,30,18,17,5,15,31,27,van
38,9,39,132,39,7,88,15,7,16,98,161,34,27,5,13,41,35,bus
36,23,83,156,35,13,114,9,11,44,123,198,138,25,7,39,25,31,saab
56,39,79,71,0,3,163,0,17,86,155,280,179,43,9,35,17,5,bus
66,33,86,153,23,17,139,3,15,70,132,237,127,15,19,19,27,37,saab
36,11,21,4,1,11,23,45,3,40,32,25,38,39,15,41,13,5,van
62,27,77,164,31,13,122,7,13,58,124,209,132,19,9,27,27,33,saab
20,17,21,65,27,11,16,43,3,42,19,25,80,5,7,5,53,57,van
18,21,79,173,43,15,111,11,11,40,117,194,110,21,5,43,21,25,opel
58,41,77,156,27,19,152,3,15,98,128,256,173,21,5,43,21,33,saab
18,7,5,8,11,7,2,53,1,10,3,4,47,27,23,45,19,17,van
14,19,23,17,15,7,46,33,5,48,43,71,97,48,13,23,5,1,bus
58,43,86,176,39,17,154,1,17,102,128,267,171,19,21,15,21,31,saab
30,7,29,21,7,13,11,46,3,32,28,17,6,21,5,27,29,17,van
68,37,81,159,27,15,150,3,15,88,144,258,168,23,29,9,23,31,saab
24,11,59,81,21,9,76,23,7,20,84,140,74,21,15,27,19,21,saab
14,19,23,12,11,5,46,33,5,48,47,72,103,52,17,5,5,0,bus
16,19,25,63,31,13,29,37,3,44,33,44,103,17,13,1,31,39,van
44,35,88,86,7,15,132,5,13,86,122,225,135,17,11,43,23,29,opel
40,25,64,138,29,7,114,9,11,52,118,202,103,25,5,53,35,31,bus
18,15,41,90,37,9,46,31,5,38,53,80,62,23,15,27,23,27,bus
10,13,7,5,9,7,19,46,3,38,9,22,72,50,17,15,1,3,van
14,9,19,28,13,9,6,50,1,18,6,8,47,7,40,17,37,39,opel
66,39,96,173,25,17,133,5,13,92,122,226,171,7,42,5,39,47,saab
50,45,81,126,21,17,148,3,15,104,124,252,176,29,31,23,19,25,opel
28,11,41,119,45,7,54,27,5,20,68,108,45,23,13,29,37,37,bus
20,15,49,57,27,11,42,31,5,46,49,70,80,21,9,33,23,31,van
12,9,16,24,15,5,19,41,3,18,17,29,42,29,17,9,17,13,opel
22,21,49,138,35,7,74,21,7,44,84,140,113,11,27,23,35,35,opel
30,27,57,162,45,9,95,13,9,62,86,174,150,19,15,39,43,39,bus
52,37,83,164,27,15,122,7,13,80,107,210,154,7,5,11,37,45,opel
6,19,25,59,31,9,50,31,5,46,61,82,97,39,3,5,11,7,bus
20,23,53,73,15,11,58,27,5,56,70,116,95,17,7,1,23,23,saab
50,35,90,107,15,17,137,5,15,84,130,233,179,25,17,19,21,29,saab
10,25,25,45,21,7,50,29,5,50,55,93,117,27,11,7,17,19,bus
3,9,8,12,13,5,35,37,5,14,24,52,49,41,9,5,7,3,saab
38,43,86,150,29,17,147,3,15,102,124,246,176,29,11,49,17,25,opel
10,11,27,23,11,5,25,39,3,20,28,39,82,17,33,13,21,17,opel
40,9,33,140,41,5,80,17,7,20,84,152,36,19,3,7,47,41,bus
24,29,43,32,15,15,64,29,7,86,49,113,125,35,3,7,11,19,van
14,19,23,17,13,9,50,31,5,50,55,78,101,45,9,31,7,3,bus
6,23,25,71,41,21,52,31,5,52,79,92,123,52,3,21,7,7,bus
24,29,59,76,31,17,72,27,7,92,61,129,123,27,7,33,17,27,van
52,39,96,161,31,17,156,3,17,102,138,265,153,21,29,60,25,43,saab
34,19,77,157,33,15,111,11,11,44,122,193,89,21,13,55,27,31,opel
30,17,79,140,29,13,106,13,11,34,105,181,101,19,21,43,25,31,saab
18,9,31,17,9,11,27,39,3,12,30,40,49,29,1,19,9,9,saab
52,45,77,197,49,17,156,1,17,102,132,271,175,25,13,33,19,27,opel
34,15,53,100,33,13,40,33,5,48,37,66,40,7,9,17,45,51,van
54,41,90,176,37,15,124,7,13,84,117,213,168,15,21,41,27,33,opel
56,43,77,148,23,19,158,1,17,104,136,272,168,23,19,27,19,29,opel
16,11,57,61,17,11,62,27,7,24,77,117,72,27,1,47,13,17,opel
34,31,71,142,27,15,99,15,9,66,100,175,97,7,5,1,43,49,opel
42,47,81,113,11,20,161,1,17,109,132,276,166,23,9,15,17,33,opel
22,17,23,20,9,9,17,43,3,46,35,25,82,25,21,35,23,19,van
34,31,53,45,15,17,68,27,7,82,57,121,121,29,15,21,11,19,van
38,7,29,105,35,9,52,27,5,16,45,104,6,9,1,33,49,53,bus
44,27,29,126,43,9,74,21,7,64,68,143,99,15,19,13,47,47,bus
60,31,98,161,25,17,141,3,15,76,144,239,169,21,33,23,27,35,saab
28,25,55,71,15,7,70,23,7,54,77,133,119,21,21,11,19,19,saab
8,5,4,5,9,3,25,41,3,10,19,36,47,50,31,9,9,1,saab
66,49,90,124,5,7,163,0,17,106,157,281,199,48,9,17,9,3,bus
18,23,23,45,19,11,32,35,3,54,47,50,104,25,7,25,23,29,van
32,25,43,98,23,11,66,25,7,54,72,128,114,13,25,5,33,35,saab
34,19,41,50,17,15,52,29,5,56,57,96,76,21,5,47,21,37,van
24,21,33,76,31,11,27,37,3,46,31,43,97,9,19,9,39,43,van
30,1,23,47,15,9,16,43,3,1,21,23,1,3,11,59,49,51,opel
30,11,62,124,31,11,86,21,7,26,100,149,57,23,15,51,23,27,saab
22,25,57,86,35,17,68,27,7,76,57,124,106,23,3,41,19,31,van
56,41,83,188,37,19,160,1,17,104,142,275,148,19,7,9,21,39,saab
16,5,45,56,19,9,25,41,3,6,28,37,55,11,1,51,27,27,saab
14,5,23,17,13,5,4,51,1,14,7,6,23,25,3,37,19,17,van
